zbin=0.0-0.1
5.381341883097690904e+00 1.674020056512894630e+10 1.894348758350168509e+03 5.397838207099039209e+02 2.270578324056481634e+01 4.457687655802383908e+00 -2.108634853880368780e+02 -5.141558833789697758e+01 -2.651570355554707659e-01 1.193403682126717325e+00
1.674020056512894630e+10 1.139764006239085265e+21 1.176075317026901367e+12 3.707014761930431250e+13 -4.478197930128544922e+11 -2.490554920076956482e+11 -1.351339083751764160e+12 1.477521185043138916e+12 -1.833964163315648794e+09 -2.561305192235074615e+10
1.894348758350168509e+03 1.176075317026901367e+12 1.989073016769926297e+06 8.459380683916865382e+05 2.144003953466001622e+04 4.613825550874635155e+03 -1.117845818745926808e+05 -7.139143441457388690e+04 -4.330965082018538510e+02 9.247009821168519466e+02
5.397838207099039209e+02 3.707014761930431250e+13 8.459380683916865382e+05 1.786051670881820843e+06 -7.930777845344285197e+03 -7.253468600137386602e+03 -6.253521568109811778e+04 2.026335230035979475e+04 -5.120876873825241091e+02 -6.160564925258044013e+02
2.270578324056481634e+01 -4.478197930128544922e+11 2.144003953466001622e+04 -7.930777845344285197e+03 4.487426882728000805e+02 1.621860639598973535e+02 -9.710058541546962942e+02 -1.406852609758650715e+03 -1.094170155571774217e+00 2.184022200699592631e+01
4.457687655802383908e+00 -2.490554920076956482e+11 4.613825550874635155e+03 -7.253468600137386602e+03 1.621860639598973535e+02 7.167794526860645021e+01 -9.701674085382853718e+01 -5.121000449127631100e+02 4.993511600813037576e-01 8.722492982050198407e+00
-2.108634853880368780e+02 -1.351339083751764160e+12 -1.117845818745926808e+05 -6.253521568109811778e+04 -9.710058541546962942e+02 -9.701674085382853718e+01 1.079597400706180269e+04 2.678126342399888927e+03 -2.500192856246359879e-03 -4.241004535674964870e+01
-5.141558833789697758e+01 1.477521185043138916e+12 -7.139143441457388690e+04 2.026335230035979475e+04 -1.406852609758650715e+03 -5.121000449127631100e+02 2.678126342399888927e+03 6.912706450856747324e+03 4.851118788292469475e+01 -7.445479296788502666e+01
-2.651570355554707659e-01 -1.833964163315648794e+09 -4.330965082018538510e+02 -5.120876873825241091e+02 -1.094170155571774217e+00 4.993511600813037576e-01 -2.500192856246359879e-03 4.851118788292469475e+01 4.021653860393361590e+00 -7.550451689102909425e-01
1.193403682126717325e+00 -2.561305192235074615e+10 9.247009821168519466e+02 -6.160564925258044013e+02 2.184022200699592631e+01 8.722492982050198407e+00 -4.241004535674964870e+01 -7.445479296788502666e+01 -7.550451689102909425e-01 2.347149703782165808e+00
zbin=0.1-0.2
6.887570334339664591e+00 -1.305239023174691467e+11 4.607549461011279163e+03 -3.553391960908802957e+03 1.187285337006164383e+02 4.625586504724937953e+01 -2.683714872386190677e+02 -3.573049062480288853e+02 -8.396840247403430935e-02 6.926345841614740095e+00
-1.305239023174691467e+11 3.988699746054568411e+21 -1.237921956835991719e+14 9.352355776158237500e+13 -3.152421440092809570e+12 -1.253541262866580078e+12 4.128980449619866699e+12 9.646142981173802734e+12 -4.153121113696836233e+08 -1.601353157233394775e+11
4.607549461011279163e+03 -1.237921956835991719e+14 4.450070581982860342e+06 -2.962652979251208715e+06 1.038082311493229208e+05 4.190447035191686882e+04 -1.818209025846156292e+05 -3.233373771339390660e+05 -9.109873820590043181e+01 5.170936558657575915e+03
-3.553391960908802957e+03 9.352355776158237500e+13 -2.962652979251208715e+06 2.407053029256420676e+06 -7.680824753828403482e+04 -3.062251866134455850e+04 1.319700606271120196e+05 2.292814870033118641e+05 -1.088455555265792327e+02 -4.410907416154085695e+03
1.187285337006164383e+02 -3.152421440092809570e+12 1.038082311493229208e+05 -7.680824753828403482e+04 2.615898473483157886e+03 1.034121299043337558e+03 -4.336927870289896418e+03 -8.044956832751025104e+03 -1.837689203668702587e-01 1.323662865448174273e+02
4.625586504724937953e+01 -1.253541262866580078e+12 4.190447035191686882e+04 -3.062251866134455850e+04 1.034121299043337558e+03 4.143631878705714939e+02 -1.724719033413910438e+03 -3.164242536281379671e+03 1.123958773777765374e-01 5.433017744808505967e+01
-2.683714872386190677e+02 4.128980449619866699e+12 -1.818209025846156292e+05 1.319700606271120196e+05 -4.336927870289896418e+03 -1.724719033413910438e+03 1.485248668425799951e+04 1.328995764290335137e+04 1.711573204743448151e-02 -2.602004511482108455e+02
-3.573049062480288853e+02 9.646142981173802734e+12 -3.233373771339390660e+05 2.292814870033118641e+05 -8.044956832751025104e+03 -3.164242536281379671e+03 1.328995764290335137e+04 2.551627301499494570e+04 1.050521398684244545e+01 -3.739251610440787204e+02
-8.396840247403430935e-02 -4.153121113696836233e+08 -9.109873820590043181e+01 -1.088455555265792327e+02 -1.837689203668702587e-01 1.123958773777765374e-01 1.711573204743448151e-02 1.050521398684244545e+01 8.993304640053181309e-01 -1.688193657577599371e-01
6.926345841614740095e+00 -1.601353157233394775e+11 5.170936558657575915e+03 -4.410907416154085695e+03 1.323662865448174273e+02 5.433017744808505967e+01 -2.602004511482108455e+02 -3.739251610440787204e+02 -1.688193657577599371e-01 1.338574195203801231e+01
zbin=0.2-0.30000000000000004
1.296399073377315325e+01 -3.403351568162590942e+11 1.101342983746332357e+04 -8.281204278865099695e+03 2.790374936737169378e+02 1.107705824297282078e+02 -4.483457037548506037e+02 -8.071948325181476775e+02 -1.920859440384971435e-07 1.585564714949128806e+01
-3.403351568162590942e+11 9.246171044450325758e+21 -3.046660495507992500e+14 2.228109401577035625e+14 -7.602150804935182617e+12 -3.023608894916354004e+12 1.251387717852689453e+13 2.233171830953593359e+13 -6.485037531990990374e+02 -3.890533215203635864e+11
1.101342983746332357e+04 -3.046660495507992500e+14 1.079102863745568506e+07 -7.336390664902641438e+06 2.514379408360051748e+05 1.026203801070435438e+05 -4.371509072520043119e+05 -7.411437878717284184e+05 -1.275850843952135475e-04 1.272261250116465817e+04
-8.281204278865099695e+03 2.228109401577035625e+14 -7.336390664902641438e+06 5.561219815363705158e+06 -1.838022332959792984e+05 -7.341374256141055957e+04 3.244154913474197383e+05 5.327692558423336595e+05 -1.552953107758732530e-04 -1.054945238287205029e+04
2.790374936737169378e+02 -7.602150804935182617e+12 2.514379408360051748e+05 -1.838022332959792984e+05 6.257220287669315439e+03 2.492294965546016556e+03 -1.043595373388346707e+04 -1.837868715367433833e+04 -1.359274615461360351e-07 3.203071892716828302e+02
1.107705824297282078e+02 -3.023608894916354004e+12 1.026203801070435438e+05 -7.341374256141055957e+04 2.492294965546016556e+03 1.004816505067335470e+03 -4.292281854599571489e+03 -7.302428489148776862e+03 1.755550820302991550e-07 1.319655860288890779e+02
-4.483457037548506037e+02 1.251387717852689453e+13 -4.371509072520043119e+05 3.244154913474197383e+05 -1.043595373388346707e+04 -4.292281854599571489e+03 2.170468824277862223e+04 3.021704457863809148e+04 2.688482096761612523e-08 -6.314963418249081997e+02
-8.071948325181476775e+02 2.233171830953593359e+13 -7.411437878717284184e+05 5.327692558423336595e+05 -1.837868715367433833e+04 -7.302428489148776862e+03 3.021704457863809148e+04 5.458013121728127589e+04 1.553680652837369062e-05 -8.542029739760641860e+02
-1.920859440384971435e-07 -6.485037531990990374e+02 -1.275850843952135475e-04 -1.552953107758732530e-04 -1.359274615461360351e-07 1.755550820302991550e-07 2.688482096761612523e-08 1.553680652837369062e-05 1.401359313752837953e-06 -2.630176338765382004e-07
1.585564714949128806e+01 -3.890533215203635864e+11 1.272261250116465817e+04 -1.054945238287205029e+04 3.203071892716828302e+02 1.319655860288890779e+02 -6.314963418249081997e+02 -8.542029739760641860e+02 -2.630176338765382004e-07 3.240147242029456010e+01
zbin=0.30000000000000004-0.4
1.919552031932529346e+01 -5.243165149084459229e+11 1.722071698895291775e+04 -1.249873910278280891e+04 4.266444376016813749e+02 1.707030251131545810e+02 -6.834979056824261079e+02 -1.182203838684229368e+03 0.000000000000000000e+00 2.350902129171074861e+01
-5.243165149084459229e+11 1.466412485630808084e+22 -4.863461856793538750e+14 3.493528022277178750e+14 -1.195798389281709180e+13 -4.791637579277701172e+12 1.976693265242786719e+13 3.351917334884585156e+13 0.000000000000000000e+00 -6.167734684343057861e+11
1.722071698895291775e+04 -4.863461856793538750e+14 1.726826875971839949e+07 -1.162875406870344281e+07 3.977613347555965884e+05 1.636226263635142823e+05 -6.960037457720834063e+05 -1.118269557028431445e+06 0.000000000000000000e+00 2.053710085015111690e+04
-1.249873910278280891e+04 3.493528022277178750e+14 -1.162875406870344281e+07 8.587998800149209797e+06 -2.860579418709199526e+05 -1.150934306034474430e+05 5.067485359576781630e+05 7.918349957285416313e+05 0.000000000000000000e+00 -1.633632195936654352e+04
4.266444376016813749e+02 -1.195798389281709180e+13 3.977613347555965884e+05 -2.860579418709199526e+05 9.761583192610816695e+03 3.916674506977489273e+03 -1.635750735746881219e+04 -2.734387305093549730e+04 0.000000000000000000e+00 5.060719878678073655e+02
1.707030251131545810e+02 -4.791637579277701172e+12 1.636226263635142823e+05 -1.150934306034474430e+05 3.916674506977489273e+03 1.591264031486454314e+03 -6.778660121703488585e+03 -1.095211983743153723e+04 0.000000000000000000e+00 2.091100104384869098e+02
-6.834979056824261079e+02 1.976693265242786719e+13 -6.960037457720834063e+05 5.067485359576781630e+05 -1.635750735746881219e+04 -6.778660121703488585e+03 3.427780537643851858e+04 4.517024690406250011e+04 0.000000000000000000e+00 -9.994945725820701909e+02
-1.182203838684229368e+03 3.351917334884585156e+13 -1.118269557028431445e+06 7.918349957285416313e+05 -2.734387305093549730e+04 -1.095211983743153723e+04 4.517024690406250011e+04 7.754496795369303436e+04 0.000000000000000000e+00 -1.280566617457864140e+03
0.000000000000000000e+00 0.000000000000000000e+00 0.000000000000000000e+00 0.000000000000000000e+00 0.000000000000000000e+00 0.000000000000000000e+00 0.000000000000000000e+00 0.000000000000000000e+00 0.000000000000000000e+00 0.000000000000000000e+00
2.350902129171074861e+01 -6.167734684343057861e+11 2.053710085015111690e+04 -1.633632195936654352e+04 5.060719878678073655e+02 2.091100104384869098e+02 -9.994945725820701909e+02 -1.280566617457864140e+03 0.000000000000000000e+00 5.134126180721700194e+01
zbin=0.4-0.5
2.294308659175167264e+01 -6.420778167805166016e+11 2.113410947127550753e+04 -1.495027409883952532e+04 5.178319120475948694e+02 2.078243060307530925e+02 -8.002663135901150326e+02 -1.383092830479490431e+03 0.000000000000000000e+00 2.755606882828130466e+01
-6.420778167805166016e+11 1.831173712962073815e+22 -6.051965156378685000e+14 4.293262120478253125e+14 -1.480177250831351953e+13 -5.945238732126062500e+12 2.383867614600257031e+13 3.982378988529894531e+13 0.000000000000000000e+00 -7.660845324487900391e+11
2.113410947127550753e+04 -6.051965156378685000e+14 2.138843427131192759e+07 -1.430497355553834885e+07 4.904982553118856740e+05 2.024195058714829793e+05 -8.417513959766216576e+05 -1.322446433728116332e+06 0.000000000000000000e+00 2.574604236846091953e+04
-1.495027409883952532e+04 4.293262120478253125e+14 -1.430497355553834885e+07 1.038310229471297562e+07 -3.488335178353298106e+05 -1.407671321353386447e+05 6.071071566019057063e+05 9.270721612204362173e+05 0.000000000000000000e+00 -1.984199642306083479e+04
5.178319120475948694e+02 -1.480177250831351953e+13 4.904982553118856740e+05 -3.488335178353298106e+05 1.197945639120624219e+04 4.817711463007254679e+03 -1.960354806726918468e+04 -3.218616559663267981e+04 0.000000000000000000e+00 6.262434335700488646e+02
2.078243060307530925e+02 -5.945238732126062500e+12 2.024195058714829793e+05 -1.407671321353386447e+05 4.817711463007254679e+03 1.962995739993439656e+03 -8.163552528070830704e+03 -1.292816120638473330e+04 0.000000000000000000e+00 2.587273244028125418e+02
-8.002663135901150326e+02 2.383867614600257031e+13 -8.417513959766216576e+05 6.071071566019057063e+05 -1.960354806726918468e+04 -8.163552528070830704e+03 4.131657468973278446e+04 5.181155451195884962e+04 0.000000000000000000e+00 -1.224238497384178800e+03
-1.383092830479490431e+03 3.982378988529894531e+13 -1.322446433728116332e+06 9.270721612204362173e+05 -3.218616559663267981e+04 -1.292816120638473330e+04 5.181155451195884962e+04 8.767343159186895355e+04 0.000000000000000000e+00 -1.514078913932812611e+03
0.000000000000000000e+00 0.000000000000000000e+00 0.000000000000000000e+00 0.000000000000000000e+00 0.000000000000000000e+00 0.000000000000000000e+00 0.000000000000000000e+00 0.000000000000000000e+00 0.000000000000000000e+00 0.000000000000000000e+00
2.755606882828130466e+01 -7.660845324487900391e+11 2.574604236846091953e+04 -1.984199642306083479e+04 6.262434335700488646e+02 2.587273244028125418e+02 -1.224238497384178800e+03 -1.514078913932812611e+03 0.000000000000000000e+00 6.345160773445782354e+01
sum of fisher information + any planck/extra info
1.633490858937591383e+02 -1.616503283377480469e+12 -3.802651044350227312e+04 -4.257665240620910481e+03 2.168375611243217463e+03 -5.031658435062400940e+02 -2.707109088832499310e+03 -3.781211996267793438e+03 -3.491256301154491148e-01 7.504048679322480098e+01
-1.616503283377480713e+12 4.829282842513187537e+22 -1.555351017556658000e+15 1.130470686079874000e+15 -3.795520793203613281e+13 -1.530763617191737695e+13 5.815070535430031250e+13 1.067983457098976719e+14 -2.249276923189085484e+09 -1.957659690049149658e+12
-3.802651044350169104e+04 -1.555351017556658500e+15 2.178696249021507502e+08 -6.512751856900981069e+07 4.937110412839320488e+05 1.428940979088826571e+06 -2.149896675541563891e+06 -3.576588590176789090e+06 -5.241953739928387677e+02 6.510139326055112178e+04
-4.257665240620830446e+03 1.130470686079873250e+15 -6.512751856901000440e+07 4.249356505332446098e+07 -6.143354000397585332e+05 -7.741925529796748888e+05 1.648210684967292007e+06 2.501221252094983123e+06 -6.209333982044140612e+02 -5.175473467397931381e+04
2.168375611243217463e+03 -3.795520793203614844e+13 4.937110412839282071e+05 -6.143354000397592317e+05 3.788959748777657660e+04 3.666350737172815570e+03 -5.379449817341342714e+04 -8.736053524375219422e+04 -1.277939211866105929e+00 1.606829119261352389e+03
-5.031658435062430499e+02 -1.530763617191736133e+13 1.428940979088834953e+06 -7.741925529796751216e+05 3.666350737172791924e+03 1.725276156645243464e+04 -2.539816534097413387e+04 -3.485905211415918893e+04 6.117472130141623499e-01 6.628555913003237947e+02
-2.707109088832469297e+03 5.815070535430032812e+13 -2.149896675541596487e+06 1.648210684967302484e+06 -5.379449817341317248e+04 -2.539816534097445765e+04 2.346782265567539725e+05 1.431669299799626751e+05 1.461556607600908962e-02 -3.157839908296117756e+03
-3.781211996267793438e+03 1.067983457098976719e+14 -3.576588590176789090e+06 2.501221252094983123e+06 -8.736053524375219422e+04 -3.485905211415918893e+04 1.431669299799626751e+05 2.522275102286949696e+05 5.901641740657366597e+01 -4.097228459378704429e+03
-3.491256301154491148e-01 -2.249276923189085484e+09 -5.241953739928387677e+02 -6.209333982044140612e+02 -1.277939211866105929e+00 6.117472130141623499e-01 1.461556607600908962e-02 5.901641740657366597e+01 4.920985725757993201e+00 -9.238647976856847466e-01
7.504048679322480098e+01 -1.957659690049149658e+12 6.510139326055112178e+04 -5.175473467397931381e+04 1.606829119261352389e+03 6.628555913003237947e+02 -3.157839908296117756e+03 -4.097228459378704429e+03 -9.238647976856847466e-01 1.629272336177895681e+02
