zbin=0.0-0.1
9.762844583143207577e-01 -2.384375048704757690e+10 7.486285155326175982e+02 -6.029117642820500578e+02 1.978265332549883126e+01 -6.225389297215573947e+01 1.170277938573413223e+00
-2.384375048704757690e+10 6.169490644237144556e+20 -2.003869590471907422e+13 1.519446742046028906e+13 -5.144704892753845215e+11 1.649342533902821777e+12 -2.595140199204883957e+10
7.486285155326175982e+02 -2.003869590471907422e+13 7.048032719598341500e+05 -4.887821250436091213e+05 1.679927840336077861e+04 -5.405061412660889619e+04 8.188858059230568642e+02
-6.029117642820500578e+02 1.519446742046028906e+13 -4.887821250436091213e+05 3.899107427627893048e+05 -1.268597884798071937e+04 4.013887129317268409e+04 -7.320108305148348791e+02
1.978265332549883126e+01 -5.144704892753845215e+11 1.679927840336077861e+04 -1.268597884798071937e+04 4.295018085051884213e+02 -1.377838301237302176e+03 2.149202138156890030e+01
-6.225389297215573947e+01 1.649342533902821777e+12 -5.405061412660889619e+04 4.013887129317268409e+04 -1.377838301237302176e+03 4.456194426428772204e+03 -6.338465568549269591e+01
1.170277938573413223e+00 -2.595140199204883957e+10 8.188858059230568642e+02 -7.320108305148348791e+02 2.149202138156890030e+01 -6.338465568549269591e+01 2.163869278896000115e+00
zbin=0.1-0.2
5.671548225900719054e+00 -1.433466384780505676e+11 4.563441761384029633e+03 -3.565433411670252099e+03 1.183223148084022824e+02 -3.575960239894230881e+02 6.879955065818966986e+00
-1.433466384780505676e+11 3.795695317379519087e+21 -1.240597869091312188e+14 9.266316991866379688e+13 -3.145241226784036621e+12 9.674080761725626953e+12 -1.596336734982281799e+11
4.563441761384029633e+03 -1.240597869091312188e+14 4.373877926951549016e+06 -3.011370097039998509e+06 1.032637732218375750e+05 -3.187955910332261119e+05 5.111592538202859032e+03
-3.565433411670252099e+03 9.266316991866379688e+13 -3.011370097039998509e+06 2.349766685586510226e+06 -7.695209736265710671e+04 2.335517295057367592e+05 -4.428159988525567314e+03
1.183223148084022824e+02 -3.145241226784036621e+12 1.032637732218375750e+05 -7.695209736265710671e+04 2.609093910560906806e+03 -8.027871078297926033e+03 1.318459792370888692e+02
-3.575960239894230881e+02 9.674080761725626953e+12 -3.187955910332261119e+05 2.335517295057367592e+05 -8.027871078297926033e+03 2.493612177046502984e+04 -3.707685793142543957e+02
6.879955065818966986e+00 -1.596336734982281799e+11 5.111592538202859032e+03 -4.428159988525567314e+03 1.318459792370888692e+02 -3.707685793142543957e+02 1.331023747776540311e+01
zbin=0.2-0.30000000000000004
1.287393203511463646e+01 -3.386263509019039917e+11 1.095142464163608020e+04 -8.262880727276518883e+03 2.777869728565942182e+02 -8.040471714832731323e+02 1.576110468624420413e+01
-3.386263509019039917e+11 9.216388266301200531e+21 -3.034030363150685625e+14 2.227210160759786875e+14 -7.581495060007360352e+12 2.228112304913708203e+13 -3.875793215962653198e+11
1.095142464163608020e+04 -3.034030363150685625e+14 1.072730194346482679e+07 -7.321504855719613843e+06 2.504752984816806274e+05 -7.387685905627640896e+05 1.263000591954648371e+04
-8.262880727276518883e+03 2.227210160759786875e+14 -7.321504855719613843e+06 5.568379879029756412e+06 -1.837707342957902583e+05 5.331300223942403682e+05 -1.052946031704107918e+04
2.777869728565942182e+02 -7.581495060007360352e+12 2.504752984816806274e+05 -1.837707342957902583e+05 6.242824853874675682e+03 -1.834628737911622738e+04 3.191641046682305500e+02
-8.040471714832731323e+02 2.228112304913708203e+13 -7.387685905627640896e+05 5.331300223942403682e+05 -1.834628737911622738e+04 5.449995078311407269e+04 -8.523548169286614211e+02
1.576110468624420413e+01 -3.875793215962653198e+11 1.263000591954648371e+04 -1.052946031704107918e+04 3.191641046682305500e+02 -8.523548169286614211e+02 3.231320583677877778e+01
zbin=0.30000000000000004-0.4
1.904371205528608613e+01 -5.213700027584196777e+11 1.711631861316663708e+04 -1.246338713216420001e+04 4.244915912359386425e+02 -1.176867636288814992e+03 2.334686395124478864e+01
-5.213700027584196777e+11 1.461383043113769186e+22 -4.842922054511811875e+14 3.491071652367357500e+14 -1.192325356229941211e+13 3.343615928340718359e+13 -6.143104468323519287e+11
1.711631861316663708e+04 -4.842922054511811875e+14 1.716685324747666344e+07 -1.160306827881911397e+07 3.962159205476866337e+05 -1.114601114994916832e+06 2.038895068088962580e+04
-1.246338713216420001e+04 3.491071652367357500e+14 -1.160306827881911397e+07 8.596223499584378675e+06 -2.859320884471646859e+05 7.921230863328891573e+05 -1.629967064308925183e+04
4.244915912359386425e+02 -1.192325356229941211e+13 3.962159205476866337e+05 -2.859320884471646859e+05 9.737545304920180570e+03 -2.729056038600126703e+04 5.041921509332813116e+02
-1.176867636288814992e+03 3.343615928340718359e+13 -1.114601114994916832e+06 7.921230863328891573e+05 -2.729056038600126703e+04 7.741441905245136877e+04 -1.277530600638783881e+03
2.334686395124478864e+01 -6.143104468323519287e+11 2.038895068088962580e+04 -1.629967064308925183e+04 5.041921509332813116e+02 -1.277530600638783881e+03 5.119115585308338012e+01
zbin=0.4-0.5
2.270981442853132748e+01 -6.371706249706177979e+11 2.097241373822417154e+04 -1.488002292940489860e+04 5.142093845149246363e+02 -1.374011185018486913e+03 2.730310796440853949e+01
-6.371706249706177979e+11 1.821715818671806769e+22 -6.018404014767426250e+14 4.283084803877033125e+14 -1.473393989692188867e+13 3.965539058384147656e+13 -7.617669109230039062e+11
2.097241373822417154e+04 -6.018404014767426250e+14 2.124239935016725212e+07 -1.425453145219814219e+07 4.879629583995481371e+05 -1.316345747588533442e+06 2.553293136819522260e+04
-1.488002292940489860e+04 4.283084803877033125e+14 -1.425453145219814219e+07 1.037573640883370116e+07 -3.481061657013742952e+05 9.258437562187470030e+05 -1.976318538626854934e+04
5.142093845149246363e+02 -1.473393989692188867e+13 4.879629583995481371e+05 -3.481061657013742952e+05 1.193037719869856664e+04 -3.206895554829841421e+04 6.229241557205584741e+02
-1.374011185018486913e+03 3.965539058384147656e+13 -1.316345747588533442e+06 9.258437562187470030e+05 -3.206895554829841421e+04 8.737091703005436284e+04 -1.507983007395029063e+03
2.730310796440853949e+01 -7.617669109230039062e+11 2.553293136819522260e+04 -1.976318538626854934e+04 6.229241557205584741e+02 -1.507983007395029063e+03 6.316415005604815747e+01
